%YAML:1.0
M1: !!opencv-matrix
   rows: 3
   cols: 3
   dt: d
   data: [ 527.37693, 0., 318.02784, 0.,
       527.81111, 240.42265, 0., 0., 1. ]
D1: !!opencv-matrix
   rows: 1
   cols: 5
   dt: d
   data: [-0.34515, 0.13962, 0.00142, -0.00083, 0.00000]
M2: !!opencv-matrix
   rows: 3
   cols: 3
   dt: d
   data: [ 529.88021, 0., 318.85525, 0.,
       530.04794, 240.58328, 0., 0., 1. ]
D2: !!opencv-matrix
   rows: 1
   cols: 5
   dt: d
   data: [-0.35487, 0.15659, 0.00171, -0.00045, 0.00000]
BM1: !!opencv-matrix
   rows: 3
   cols: 3
   dt: d
   data: [ 833.52171, 0., 505.45872, 0.,
       829.94730, 392.37518, 0., 0., 1. ]
BD1: !!opencv-matrix
   rows: 1
   cols: 5
   dt: d
   data: [-0.34107, 0.12409, 0.00002, 0.00007, 0.00000]
BM2: !!opencv-matrix
   rows: 3
   cols: 3
   dt: d
   data: [ 837.05472, 0., 508.31870, 0.,
       833.31966, 392.18767, 0., 0., 1. ]
BD2: !!opencv-matrix
   rows: 1
   cols: 5
   dt: d
   data: [-0.34662, 0.13227, 0.00030, -0.00014, 0.00000]
