%YAML:1.0
R: !!opencv-matrix
   rows: 3
   cols: 3
   dt: d
   data: [ 1.0000, -0.0014, 0.0037, 0.0014, 1.0000, -0.0012, -0.0037, 0.0012, 1.0000 ]
T: !!opencv-matrix
   rows: 3
   cols: 1
   dt: d
   data: [ -0.11991441, 0.01586e-03, -0.68986e-03 ]
BR: !!opencv-matrix
   rows: 3
   cols: 3
   dt: d
   data: [ 1.0000, -0.0018, 0.0019, 0.0018, 1.0000, -0.0008, -0.0019, 0.0008, 1.0000 ]
BT: !!opencv-matrix
   rows: 3
   cols: 1
   dt: d
   data: [ -0.12029104, 0.06814e-03, -0.52556e-03 ]
