%YAML:1.0
R: !!opencv-matrix
   rows: 3
   cols: 3
   dt: d
   data: [ 1.0000, -0.0014, 0.0037, 0.0014, 1.0000, -0.0012, -0.0037, 0.0012, 1.0000 ]
T: !!opencv-matrix
   rows: 3
   cols: 1
   dt: d
#data: [ -0.11991441, 0.01586e-03, -0.68986e-03 ]
   data: [ 0.11991441, -0.01586e-03, 0.68986e-03 ]
