%YAML:1.0
M1: !!opencv-matrix
   rows: 3
   cols: 3
   dt: d
   data: [ 5.1550169440941659e+02, 0., 3.1715675669859075e+02, 0.,
       5.1550169440941659e+02, 2.4388933639954925e+02, 0., 0., 1. ]
D1: !!opencv-matrix
   rows: 1
   cols: 8
   dt: d
   data: [ -3.7078319528102771e-01, 2.4057813552178939e-01, 0., 0., 0.,
       0., 0., 1.3567545861237390e-01 ]
M2: !!opencv-matrix
   rows: 3
   cols: 3
   dt: d
   data: [ 5.1550169440941659e+02, 0., 3.1679847178565291e+02, 0.,
       5.1550169440941659e+02, 2.4385834256461067e+02, 0., 0., 1. ]
D2: !!opencv-matrix
   rows: 1
   cols: 8
   dt: d
   data: [ -3.5636000615600805e-01, 1.7443056332974002e-01, 0., 0., 0.,
       0., 0., 5.3808433341212880e-02 ]
